01000010  01000010  01000010  01000010
01001101  01001101  01001101  01001101
11001110  11001110  11001110  11001110
00000001  00000001  00000001  00000001
00000000  00000000  00000000  00000000
00000000  00000000  00000000  00000000
00000000  00000000  00000000  00000000
00000000  00000000  00000000  00000000
00000000  00000000  00000000  00000000
00000000  00000000  00000000  00000000
00111110  00111110  00111110  00111110
00000000  00000000  00000000  00000000
00000000  00000000  00000000  00000000
00000000  00000000  00000000  00000000
00101000  00101000  00101000  00101000
00000000  00000000  00000000  00000000
00000000  00000000  00000000  00000000
00000000  00000000  00000000  00000000
00110010  00110010  00110010  00110010
00000000  00000000  00000000  00000000
00000000  00000000  00000000  00000000
00000000  00000000  00000000  00000000
00110010  00110010  00110010  00110010
00000000  00000000  00000000  00000000
00000000  00000000  00000000  00000000
00000000  00000000  00000000  00000000
00000001  00000001  00000001  00000001
00000000  00000000  00000000  00000000
00000001  00000001  00000001  00000001
00000000  00000000  00000000  00000000
00000000  00000000  00000000  00000000
00000000  00000000  00000000  00000000
00000000  00000000  00000000  00000000
00000000  00000000  00000000  00000000
10010000  10010000  10010000  10010000
00000001  00000001  00000001  00000001
00000000  00000000  00000000  00000000
00000000  00000000  00000000  00000000
00000000  00000000  00000000  00000000
00000000  00000000  00000000  00000000
00000000  00000000  00000000  00000000
00000000  00000000  00000000  00000000
00000000  00000000  00000000  00000000
00000000  00000000  00000000  00000000
00000000  00000000  00000000  00000000
00000000  00000000  00000000  00000000
00000000  00000000  00000000  00000000
00000000  00000000  00000000  00000000
00000000  00000000  00000000  00000000
00000000  00000000  00000000  00000000
00000000  00000000  00000000  00000000
00000000  00000000  00000000  00000000
00000000  00000000  00000000  00000000
00000000  00000000  00000000  00000000
00000000  00000000  00000000  00000000
00000000  00000000  00000000  00000000
00000000  00000000  00000000  00000000
00000000  00000000  00000000  00000000
11111111  11111111  11111111  11111111
11111111  11111111  11111111  11111111
11111111  11111111  11111111  11111111
00000000  00000000  00000000  00000000
11111111  11111111  11111111  11111111
11111111  11111111  11111111  11111111
11111111  11111111  11111111  11111111
11111111  11111111  11111111  11111111
11111111  11111111  11111111  11111111
11111111  11111111  11111111  11111111
11000000  11000000  11000000  10000000
00000000  00000000  00000000  00000000
11111111  11111111  11111111  11111111
11111111  11111111  11111111  11111111
11111111  11111111  11111111  11111111
11111111  11111111  11111111  11111111
11111111  11111111  11111111  11111111
11111111  11111111  11111111  11111111
11000000  11000000  11000000  11000000
00000000  00000000  00000000  00000000
11111111  11111111  11111111  11111111
11111111  11111111  11111111  11111111
11111111  11111111  11111111  11111111
11111111  11111111  11111111  11111111
11111111  11111111  11111111  11111111
11111111  11111111  11111111  11111111
11000000  11000000  11000000  11000000
00000000  00000000  00000000  00000000
11111111  11111111  11111111  11111111
11111111  11111111  11111111  11111111
11111111  11111111  11111111  11111111
11111111  11111111  11111111  11111111
11111111  11111111  11111111  11111111
11111111  11111111  11111111  11111111
11000000  11000000  11000000  11000000
00000000  00000000  00000000  00000000
11111111  11111111  11111111  11111111
11111111  11111111  11111111  11111111
11111111  11111111  11111111  11111111
11111111  11111111  11111111  11111111
11111111  11111111  11111111  11111111
11111111  11111111  11111111  11111111
11000000  11000000  11000000  11000000
00000000  00000000  00000000  00000000
11111111  11111111  11111111  11111111
11111111  11111111  11111111  11111111
11111111  11111111  11111111  11111111
11111111  11111111  11111111  11111111
11111111  11111111  11111111  11111111
11111111  11111111  11111111  11111111
11000000  11000000  11000000  11000000
00000000  00000000  00000000  00000000
11111111  11111111  11111111  11111111
11111111  11111111  11111111  11111111
11111111  11111111  11111111  11111111
11111111  11111111  11111111  11111111
11111111  11111111  11111111  11111111
11111111  11111111  11111111  11111111
11000000  11000000  11000000  11000000
00000000  00000000  00000000  00000000
11111111  11111111  11111111  11111111
11111111  11111111  11111111  11111111
11111111  11111111  11111111  11111111
11111111  11111111  11111111  11111111
11111111  11111111  11111111  11111111
11111111  11111111  11111111  11111111
11000000  11000000  11000000  11000000
00000000  00000000  00000000  00000000
11111111  11111111  11111111  11111111
11111111  11111111  11111111  11111111
11111111  11111111  11111111  11111111
11111111  11111111  11111111  11111111
11111111  11111111  11111111  11111111
11111111  11111111  11111111  11111111
11000000  11000000  11000000  11000000
00000000  00000000  00000000  00000000
11111111  11111111  11111111  11111111
11111111  11111111  11111111  11111111
11111111  11111111  11111111  11111111
11111111  11111111  11111111  11111111
11111111  11111111  11111111  11111111
11111111  11111111  11111111  11111111
11000000  11000000  11000000  11000000
00000000  00000000  00000000  00000000
11111111  11111111  11111111  11111111
11111111  11111111  11111111  11111111
11111111  11111111  11111111  11111111
11111111  11111111  11111111  11111111
11111111  11111111  11111111  11111111
11111111  11111111  11111111  11111111
11000000  11000000  11000000  11000000
00000000  00000000  00000000  00000000
11111111  11111111  11111111  11111111
11111111  11111111  11111111  11111111
11111111  11111111  11111111  11111111
11111111  11111111  11111111  11111111
11111111  11111111  11111111  11111111
11111111  11111111  11111111  11111111
11000000  11000000  11000000  11000000
00000000  00000000  00000000  00000000
11111111  11111111  11111111  11111111
11111111  11111111  11111111  11111111
11111111  11111111  11111111  11111111
11111111  11111111  11111111  11111111
11111111  11111111  11111111  11111111
11111111  11111111  11111111  11111111
11000000  11000000  11000000  11000000
00000000  00000000  00000000  00000000
11111111  11111111  11111111  11111111
11111111  11111111  11111111  11111111
11111111  11111111  11111111  11111111
11111111  11111111  11111111  11111111
11111111  11111111  11111111  11111111
11111111  11111111  11111111  11111111
11000000  11000000  11000000  11000000
00000000  00000000  00000000  00000000
11111111  11111111  11111111  11111111
11111111  11111111  11111111  11111111
11111111  11111111  11111111  11111111
11111111  11111111  11111111  11111111
11111111  11111111  11111111  11111111
11111111  11111111  11111111  11111111
11000000  11000000  11000000  11000000
00000000  00000000  00000000  00000000
11111111  11111111  11111111  11111111
11111111  11111111  11111111  11111111
11111111  11111111  11111111  11111111
11111111  11111111  11111111  11111111
11111111  11111111  11111111  11111111
11111111  11111111  11111111  11111111
11000000  11000000  11000000  11000000
00000000  00000000  00000000  00000000
11111111  11111111  11111111  11111111
11111111  11111111  11111111  11111111
11111111  11111111  11111111  11111111
11111111  11111111  11111111  11111111
11111111  11111111  11111111  11111111
11111111  11111111  11111111  11111111
11000000  11000000  11000000  11000000
00000000  00000000  00000000  00000000
11111111  11111111  11111111  11111111
11111111  11111111  11111111  11111111
11111111  11111111  11111111  11111111
11111111  11111111  11111111  11111111
11111111  11111111  11111111  11111111
11111111  11111111  11111111  11111111
11000000  11000000  11000000  11000000
00000000  00000000  00000000  00000000
11111111  11111111  11111111  11111111
11111111  11111111  11111111  11111111
11111111  11111111  11111111  11111111
11111111  11111111  11111111  11111111
11111111  11111111  11111111  11111111
11111111  11111111  11111111  11111111
11000000  11000000  11000000  11000000
00000000  00000000  00000000  00000000
11111111  11111111  11111111  11111111
11111111  11111111  11111111  11111111
11111111  11111111  11111111  11111111
11111111  11111111  11111111  11111111
11111111  11111111  11111111  11111111
11111111  11111111  11111111  11111111
11000000  11000000  11000000  11000000
00000000  00000000  00000000  00000000
11111111  11111111  11111111  11111111
11111111  11111111  11111111  11111111
11111111  11111111  11111111  11111111
11111111  11111111  11111111  11111111
11111111  11111111  11111111  11111111
11111111  11111111  11111111  11111111
11000000  11000000  11000000  11000000
00000000  00000000  00000000  00000000
11111111  11111111  11111111  11111111
11111111  11111111  11111111  11111111
11111111  11111111  11111111  11111111
11111111  11111111  11111111  11111111
11111111  11111111  11111111  11111111
11111111  11111111  11111111  11111111
11000000  11000000  11000000  11000000
00000000  00000000  00000000  00000000
11111111  11111111  11111111  11111111
11111111  11111111  11111111  11111111
11111111  11111111  11111111  11111111
11111111  11111111  11111111  11111111
11111111  11111111  11111111  11111111
11111111  11111111  11111111  11111111
11000000  11000000  11000000  11000000
00000000  00000000  00000000  00000000
11111111  11111111  11111111  11111111
11111111  11111111  11111111  11111111
11111111  11111111  11111111  11111111
11111111  11111111  11111111  11111111
11111111  11111111  11111111  11111111
11111111  11111111  11111111  11111111
11000000  11000000  11000000  11000000
00000000  00000000  00000000  00000000
11111111  11111111  11111111  11111111
11111111  11111111  11111111  11111111
11111111  11111111  11111111  11111111
11111111  11111111  11111111  11111111
11111111  11111111  11111111  11111111
11111111  11111111  11111111  11111111
11000000  11000000  11000000  11000000
00000000  00000000  00000000  00000000
11111111  11111111  11111111  11111111
11111111  11111111  11111111  11111111
11111111  11111111  11111111  11111111
11111111  11111111  11111111  11111111
11111111  11111111  11111111  11111111
11111111  11111111  11111111  11111111
11000000  11000000  11000000  11000000
00000000  00000000  00000000  00000000
11111111  11111111  11111111  11111111
11111111  11111111  11111111  11111111
11111111  11111111  11111111  11111111
11111111  11111111  11111111  11111111
11111111  11111111  11111111  11111111
11111111  11111111  11111111  11111111
11000000  11000000  11000000  11000000
00000000  00000000  00000000  00000000
11111111  11111111  11111111  11111111
11111111  11111111  11111111  11111111
11111111  11111111  11111111  11111111
11111111  11111111  11111111  11111111
11111111  11111111  11111111  11111111
11111111  11111111  11111111  11111111
11000000  11000000  11000000  11000000
00000000  00000000  00000000  00000000
11111111  11111111  11111111  11111111
11111111  11111111  11111111  11111111
11111111  11111111  11111111  11111111
11111111  11111111  11111111  11111111
11111111  11111111  11111111  11111111
11111111  11111111  11111111  11111111
11000000  11000000  11000000  11000000
00000000  00000000  00000000  00000000
11111111  11111111  11111111  11111111
11111111  11111111  11111111  11111111
11111111  11111111  11111111  11111111
11111111  11111111  11111111  11111111
11111111  11111111  11111111  11111111
11111111  11111111  11111111  11111111
11000000  11000000  11000000  11000000
00000000  00000000  00000000  00000000
11111111  11111111  11111111  11111111
11111111  11111111  11111111  11111111
11111111  11111111  11111111  11111111
11111111  11111111  11111111  11111111
11111111  11111111  11111111  11111111
11111111  11111111  11111111  11111111
11000000  11000000  11000000  11000000
00000000  00000000  00000000  00000000
11111111  11111111  11111111  11111111
11111111  11111111  11111111  11111111
11111111  11111111  11111111  11111111
11111111  11111111  11111111  11111111
11111111  11111111  11111111  11111111
11111111  11111111  11111111  11111111
11000000  11000000  11000000  11000000
00000000  00000000  00000000  00000000
11111111  11111111  11111111  11111111
11111111  11111111  11111111  11111111
11111111  10111111  11111111  11111111
11111111  11111111  11111111  11111111
11111111  11111111  11111111  11111111
11111111  11111111  11111111  11111111
11000000  11000000  11000000  11000000
00000000  00000000  00000000  00000000
11111111  11111111  11111111  11111111
11111111  11111111  11111111  11111111
11111111  11111111  11111111  11111111
11111111  11111111  11111111  11111111
11111111  11111111  11111111  11111111
11111111  11111111  11111111  11111111
11000000  11000000  11000000  11000000
00000000  00000000  00000000  00000000
11111111  11111111  11111111  11111111
11111111  11111111  11111111  11111111
11111111  11111111  11111111  11111111
11111111  11111111  11111111  11111111
11111111  11111111  11111111  11111111
11111111  11111111  11111111  11111111
11000000  11000000  11000000  11000000
00000000  00000000  00000000  00000000
11111111  11111111  11111111  11111111
11111111  11111111  11111111  11111111
11111111  11111111  11111111  11111111
11111111  11111111  11111111  11111111
11111111  11111111  11111111  11111111
11111111  11111111  11111111  11111111
11000000  11000000  11000000  11000000
00000000  00000000  00000000  00000000
11111111  11111111  11111111  11111111
11111111  11111111  11111111  11111111
11111111  11111111  11111111  11111111
11111111  11111111  11111111  11111111
11111111  11111111  11111111  11111111
11111111  11111111  11111111  11111111
11000000  11000000  11000000  11000000
00000000  00000000  00000000  00000000
11111111  11111111  11111111  11111111
11111111  11111111  11111111  11111111
11111111  11111111  11111111  11111111
11111111  11111111  11111111  11111111
11111111  11111111  11111111  11111111
11111111  11111111  11111111  11111111
11000000  11000000  11000000  11000000
00000000  00000000  00000000  00000000
11111111  11111111  11111111  11111111
11111111  11111111  11111111  11111111
11111111  11111111  11111111  11111111
11111111  11111111  11111111  11111111
11111111  11111111  11111111  11111111
11111111  11111111  11111111  11111111
11000000  11000000  11000000  11000000
00000000  00000000  00000000  00000000
11111111  11111111  11111111  11111111
11111111  11111111  11111111  11111111
11111111  11111111  11111111  11111111
11111111  11111111  11111111  11111111
11111111  11111111  11111111  11111111
11111111  11111111  11111111  11111111
11000000  11000000  11000000  11000000
00000000  00000000  00000000  00000000
11111111  11111111  11111111  11111111
11111111  11111111  11111111  11111111
11111111  11111111  11111111  11111111
11111111  11111111  11111111  11111111
11111111  11111111  11111111  11111111
11111111  11111111  11111111  11111111
11000000  11000000  11000000  11000000
00000000  00000000  00000000  00000000
11111111  11111111  11111111  11111111
11111111  11111111  11111111  11111111
11111111  11111111  11111111  11111111
11111111  11111111  11111111  11111111
11111111  11111111  11111111  11111111
11111111  11111111  11111111  11111111
11000000  11000000  11000000  11000000
00000000  00000000  00000000  00000000
11111111  11111111  11111111  11111111
11111111  11111111  11111111  11111111
11111111  11111111  11111111  11111111
11111111  11111111  11111111  11111111
11111111  11111111  11111111  11111111
11111111  11111111  11111111  11111111
11000000  11000000  11000000  11000000
00000000  00000000  00000000  00000000
11111111  11111111  11111111  11111111
11111111  11111111  11111111  11111111
11111111  11111111  11111111  11111111
11111111  11111111  11111111  11111111
11111111  11111111  11111111  11111111
11111111  11111111  11111111  11111111
11000000  11000000  11000000  11000000
00000000  00000000  00000000  00000000
11111111  11111111  11111111  11111111
11111111  11111111  11111111  11111111
11111111  11111111  11111111  11111111
11111111  11111111  11111111  11111111
11111111  11111111  11111111  11111111
11111111  11111111  11111111  11111111
11000000  11000000  11000000  11000000
00000000  00000000  00000000  00000000
11111111  11111111  11111111  11111111
11111111  11111111  11111111  11111111
11111111  11111111  11111111  11111111
11111111  11111111  11111111  11111111
11111111  11111111  11111111  11111111
11111111  11111111  11111111  11111111
11000000  11000000  11000000  11000000
00000000  00000000  00000000  00000000
11111111  11111111  11111111  11111111
11111111  11111111  11111111  11111111
11111111  11111111  11111111  11111111
11111111  11111111  11111111  11111111
11111111  11111111  11111111  11111111
11111111  11111111  11111111  11111111
11000000  11000000  11000000  11000000
00000000  00000000  00000000  00000000
11111111  11111111  11111111  11111111
11111111  11111111  11111111  11111111
11111111  11111111  11111111  11111111
11111111  11111111  11111111  11111111
11111111  11111111  11111111  11111111
11111111  11111111  11111111  11111111
11000000  11000000  11000000  11000000
00000000  00000000  00000000  00000000
11111111  11111111  11111111  11111111
11111111  11111111  11111111  11111111
11111111  11111111  11111111  11111111
11111111  11111111  11111111  11111111
11111111  11111111  11111111  11111111
11111111  11111111  11111111  11111111
11000000  11000000  11000000  11000000
00000000  00000000  00000000  00000000
11111111  11111111  01111111  11111111
11111111  11111111  11111111  11111111
11111111  11111111  11111111  11111111
11111111  11111111  11111111  11111111
11111111  11111111  11111111  11111111
11111111  11111111  11111111  11111111
11000000  11000000  11000000  11000000
00000000  00000000  00000000  00000000

